Webots Project File version R2021b
perspectives: 000000ff00000000fd0000000200000001000003a300000214fc0200000001fb0000001400540065007800740045006400690074006f00720100000016000002140000008900ffffff000000030000073d000001bffc0100000001fb0000001a0043006f006e0073006f006c00650041006c006c0041006c006c01000000000000073d0000006900ffffff000003980000021400000001000000020000000100000008fc00000000
simulationViewPerspectives: 000000ff0000000100000002000001050000032a0100000002010000000100
sceneTreePerspectives: 000000ff0000000100000002000000c0000000fa0100000002010000000200
maximizedDockId: -1
centralWidgetVisible: 1
orthographicViewHeight: 1
textFiles: 0 "controllers/selfplay_training_ppo/selfplay_training_ppo.py" "controllers/selfplay_training_ppo/ppo2.py" "environments/volleybot.py" "controllers/evaluation/evaluation.py"
consoles: Console:All:All
renderingDevicePerspectives: solid(1):camera;1;1.40625;0.85997;0.805497
renderingDevicePerspectives: solid:camera;1;1.45313;0;0.795259
