Webots Project File version R2022a
perspectives: 000000ff00000000fd0000000200000001000003a00000023ffc0200000001fb0000001400540065007800740045006400690074006f007201000000160000023f0000008900ffffff00000003000007380000018bfc0100000001fc00000000000007380000006900fffffffa000000000100000002fb0000001a0043006f006e0073006f006c00650041006c006c0041006c006c0100000000ffffffff0000006900fffffffb0000001a0043006f006e0073006f006c00650041006c006c0041006c006c0100000000ffffffff0000000000000000000003960000023f00000001000000020000000100000008fc00000000
simulationViewPerspectives: 000000ff000000010000000200000100000002bd0100000002010000000100
sceneTreePerspectives: 000000ff0000000100000002000000c0000000fd0100000002010000000200
maximizedDockId: -1
centralWidgetVisible: 1
orthographicViewHeight: 1
textFiles: 0 "controllers/test_baselines/test_baselines.py" "controllers/test_baselines/helpers/callbacks.py" "controllers/agent_controller/agent_controller.py" "controllers/test_baselines/slimevolley3D.py" "controllers/test_baselines/helpers/runner.py" "controllers/test_baselines/ppo2.py"
consoles: Console:All:All
renderingDevicePerspectives: solid(1):camera;1;1.375;0.863636;0.825581
renderingDevicePerspectives: solid:camera;1;1.375;0;0.825581
