Webots Project File version R2021b
perspectives: 000000ff00000000fd0000000200000001000003e300000241fc0200000001fb0000001400540065007800740045006400690074006f00720100000016000002410000008900ffffff000000030000073800000189fc0100000001fb0000001a0043006f006e0073006f006c00650041006c006c0041006c006c0100000000000007380000006900ffffff000003530000024100000001000000020000000100000008fc00000000
simulationViewPerspectives: 000000ff0000000100000002000001050000032a0100000002010000000100
sceneTreePerspectives: 000000ff0000000100000002000000c0000000fa0100000002010000000200
maximizedDockId: -1
centralWidgetVisible: 1
orthographicViewHeight: 1
textFiles: 1 "../../3D-volleyball/3D-volleyball/controllers/test_baselines/slimevolley3D.py" "../../3D-volleyball/3D-volleyball/controllers/test_baselines/test_baselines.py"
consoles: Console:All:All
renderingDevicePerspectives: solid(1):camera;1;1;0.887755;0.872587
renderingDevicePerspectives: solid:camera;1;1;0;0.872587
