Webots Project File version R2022a
perspectives: 000000ff00000000fd0000000200000001000002f900000249fc0200000001fb0000001400540065007800740045006400690074006f00720100000016000002490000008900ffffff000000030000073800000181fc0100000002fb0000001a0043006f006e0073006f006c00650041006c006c0041006c006c0100000000000007380000006900fffffffc00000000000007380000000000fffffffa000000000100000001fb0000001a0043006f006e0073006f006c00650041006c006c0041006c006c0100000000ffffffff00000000000000000000043d0000024900000001000000020000000100000008fc00000000
simulationViewPerspectives: 000000ff000000010000000200000100000002bd0100000002010000000100
sceneTreePerspectives: 000000ff0000000100000002000000c0000000fd0100000002010000000200
maximizedDockId: -1
centralWidgetVisible: 1
orthographicViewHeight: 1
textFiles: 2 "controllers/test_baselines/test_baselines.py" "controllers/test_baselines/helpers/callbacks.py" "controllers/agent_controller/agent_controller.py" "controllers/test_baselines/slimevolley3D.py"
consoles: Console:All:All
renderingDevicePerspectives: solid(1):camera;1;0.185938;0.853688;0.769961
renderingDevicePerspectives: solid:camera;1;0.185938;0;0.769961
