Webots Project File version R2022a
perspectives: 000000ff00000000fd00000002000000010000033800000231fc0200000001fb0000001400540065007800740045006400690074006f00720100000016000002310000008900ffffff000000030000073800000199fc0100000001fc00000000000007380000006900fffffffa000000000100000002fb0000001a0043006f006e0073006f006c00650041006c006c0041006c006c0100000000ffffffff0000006900fffffffb0000001a0043006f006e0073006f006c00650041006c006c0041006c006c0100000000ffffffff0000000000000000000003fe0000023100000001000000020000000100000008fc00000000
simulationViewPerspectives: 000000ff000000010000000200000100000002bd0100000002010000000100
sceneTreePerspectives: 000000ff0000000100000002000000fa000000fa0100000002010000000200
maximizedDockId: -1
centralWidgetVisible: 1
orthographicViewHeight: 1
textFiles: 0 "controllers/RandomPlayer/RandomPlayer.py"
consoles: Console:All:All
renderingDevicePerspectives: solid(1):camera;1;1.375;0.882199;0.820717
renderingDevicePerspectives: solid:camera;1;1.375;0;0.820717
