Webots Project File version R2021b
perspectives: 000000ff00000000fd00000002000000010000042600000214fc0200000001fb0000001400540065007800740045006400690074006f00720100000016000002140000008900ffffff0000000300000738000001b6fc0100000001fb0000001a0043006f006e0073006f006c00650041006c006c0041006c006c0100000000000007380000006900ffffff000003100000021400000001000000020000000100000008fc00000000
simulationViewPerspectives: 000000ff000000010000000200000105000001a10100000002010000000100
sceneTreePerspectives: 000000ff0000000100000002000000c0000000fa0100000002010000000200
maximizedDockId: -1
centralWidgetVisible: 1
orthographicViewHeight: 1
textFiles: 0 "controllers/selfplay_training_ppo/selfplay_training_ppo.py" "controllers/selfplay_training_ppo/ppo2.py" "environments/volleybot.py" "controllers/evaluation/evaluation.py" "helpers/callbacks.py"
consoles: Console:All:All
renderingDevicePerspectives: solid(1):camera;1;1.40625;0.779377;0.79691
renderingDevicePerspectives: solid:camera;1;1.45313;0;0.790286
