Webots Project File version R2021b
perspectives: 000000ff00000000fd0000000200000001000003610000022bfc0200000001fb0000001400540065007800740045006400690074006f007201000000150000022b0000008700ffffff00000003000007800000019bfc0100000001fb0000001a0043006f006e0073006f006c00650041006c006c0041006c006c0100000000000007800000006900ffffff0000041d0000022b00000001000000020000000100000008fc00000000
simulationViewPerspectives: 000000ff000000010000000200000105000001a10100000002010000000100
sceneTreePerspectives: 000000ff0000000100000002000000c0000000fa0100000002010000000200
maximizedDockId: -1
centralWidgetVisible: 1
orthographicViewHeight: 1
textFiles: 3 "controllers/selfplay_training_ppo/selfplay_training_ppo.py" "controllers/selfplay_training_ppo/ppo2.py" "environments/volleybot.py" "controllers/evaluation/evaluation.py" "helpers/callbacks.py"
consoles: Console:All:All
renderingDevicePerspectives: solid(1):camera;1;1.40625;0.883544;0.814516
renderingDevicePerspectives: solid:camera;1;1.45313;0;0.808467
